1	0.0070921985815602835
2	0.0070921985815602835
3	0.007194244604316547
4	0.007194244604316547
5	0.007194244604316547
6	0.0072992700729927005
7	0.0072992700729927005
8	0.0072992700729927005
9	0.007407407407407408
10	0.007518796992481203
11	0.007518796992481203
12	0.007633587786259542
13	0.007751937984496124
14	0.0078125
15	0.007936507936507936
16	0.008064516129032258
17	0.008264462809917356
18	0.008264462809917356
19	0.008264462809917356
20	0.008333333333333333
21	0.008547008547008548
22	0.008547008547008548
23	0.008547008547008548
24	0.008547008547008548
25	0.008547008547008548
26	0.008620689655172414
27	0.008620689655172414
28	0.008695652173913044
29	0.008771929824561403
30	0.008928571428571428
31	0.008928571428571428
32	0.009009009009009009
33	0.009009009009009009
34	0.009009009009009009
35	0.00909090909090909
36	0.00909090909090909
37	0.00909090909090909
38	0.009174311926605505
39	0.009433962264150943
40	0.009433962264150943
41	0.009523809523809525
42	0.009523809523809525
43	0.009523809523809525
44	0.009615384615384616
45	0.00980392156862745
46	0.00980392156862745
47	0.00980392156862745
48	0.00980392156862745
49	0.00980392156862745
50	0.00980392156862745
51	0.00980392156862745
52	0.009900990099009901
53	0.01
54	0.01
55	0.01
56	0.010101010101010102
57	0.010101010101010102
58	0.01020408163265306
59	0.010309278350515464
60	0.010416666666666666
61	0.010416666666666666
62	0.010526315789473684
63	0.010526315789473684
64	0.010638297872340425
65	0.010638297872340425
66	0.010638297872340425
67	0.010752688172043012
68	0.010752688172043012
69	0.010752688172043012
70	0.010869565217391304
71	0.010869565217391304
72	0.010869565217391304
73	0.01098901098901099
74	0.01098901098901099
75	0.01098901098901099
76	0.01098901098901099
77	0.011111111111111112
78	0.011235955056179775
79	0.011494252873563218
80	0.011627906976744186
81	0.011627906976744186
82	0.011627906976744186
83	0.011627906976744186
84	0.011627906976744186
85	0.011764705882352941
86	0.011764705882352941
87	0.011764705882352941
88	0.012048192771084338
89	0.012048192